0.512342223852 0.484072712249 0.868711756686 0.48341609178 0.247319337419 0.720144562632 0.0305624329329 0.493252503939 0.953246061172 0.636010483922 0.998757263585 0.372526613027 0.440314778867 0.16153914629 0.0839868212607 0.55563695677 0.527760531809 0.233152912135 0.0292640267362 0.00693702134011 
0.638805212195 0.447075988453 0.278294613351 0.942975059713 0.339021586814 0.0845605018199 0.510375165902 0.962531207959 0.662633196516 0.308330588586 0.608404190486 0.161538852065 0.443134111384 0.0944216323655 0.658287537294 0.855329206275 0.968509184496 0.272244611995 0.0532166254236 0.539243963078 
0.321134078602 0.228936599344 0.105241330458 0.311124725103 0.811851684051 0.061693521218 0.546151065711 0.721547010592 0.621539774996 0.902884310977 0.417014319948 0.740502424882 0.0218353720871 0.399407442945 0.280019371258 0.339730703259 0.687125243221 0.488280943396 0.0721319212833 0.489965015138 
0.607632909517 0.762481561847 0.43702988915 0.450983409734 0.436332974609 0.597673524719 0.0654181293856 0.590180029374 0.103300529571 0.966653696677 0.192663267062 0.00518128894585 0.421929768819 0.0741309396706 0.859864885263 0.788093758955 0.647000479706 0.665768417666 0.502265857567 0.816197256127 
0.212461631777 0.813125894599 0.0592062487073 0.972949772854 0.180785639045 0.407027219439 0.055933642057 0.399758360742 0.893233958605 0.39579487044 0.562157920913 0.441058541156 0.586558755368 0.334235320992 0.605800840075 0.583213328003 0.425378400313 0.42382425652 0.292007291888 0.457579643564 
0.422682800105 0.960388594142 0.345677264296 0.719859195654 0.948429933293 0.925180476882 0.693133561783 0.038690764628 0.237660240914 0.671232836281 0.137808203504 0.331086958552 0.786592259999 0.126837529994 0.0727720570713 0.694976534899 0.866465794002 0.0974605433252 0.940420116023 0.791079217174 
0.971760820049 0.734330983286 0.482165343632 0.212145864639 0.572010981192 0.353554782064 0.64095698195 0.00214543486484 0.262875723773 0.533554570363 0.5727136295 0.313288519411 0.40301066541 0.093235586247 0.870457039535 0.775472784423 0.204763795718 0.77142907404 0.774467526789 0.368950314648 
0.935758432656 0.15211659155 0.0537212184767 0.163551912913 0.159811409992 0.0439840916109 0.501060103756 0.654307849075 0.219181507632 0.00295575746415 0.133812021897 0.793241169207 0.9516361012 0.696496022263 0.0538271410637 0.101908161257 0.773166222543 0.183437250851 0.432066126867 0.232286862192 
0.306542688008 0.00246619162098 0.895591432192 0.247632579782 0.639226950198 0.565659178647 0.41964711115 0.253704545256 0.203520439394 0.361661384836 0.32414965927 0.680159534799 0.980305056496 0.624001957952 0.487911552498 0.41881624064 0.904465025795 0.157002392372 0.914889033154 0.371871131473 
0.470089128135 0.0339294895303 0.0529529811744 0.844399602436 0.735173683646 0.981668554543 0.457050576083 0.50194970294 0.589655951039 0.106901832279 0.603499589 0.337191747951 0.605977234685 0.721488376968 0.476004052491 0.593180926304 0.0253890125189 0.881102397197 0.806002008412 0.688501975017 
0.992242488956 0.00161048588846 0.633840504734 0.739713792246 0.961184096502 0.443767444354 0.641749294449 0.0356790901257 0.566171019641 0.472274407478 0.190242205682 0.284002601713 0.529230263492 0.686360735516 0.861296176863 0.105338959865 0.767574349035 0.503305697313 0.751188058519 0.778393606891 
0.56669255765 0.544911628125 0.225156161312 0.0969726943238 0.802755772847 0.713156030944 0.359717802598 0.553472591975 0.220657679887 0.0543872691266 0.221068867442 0.936043303025 0.0499286377137 0.801792143711 0.609391118967 0.632758554318 0.37684992622 0.407396933787 0.694028411368 0.26530895194 
0.142722598846 0.223567567231 0.610251900226 0.786683155903 0.559072235215 0.629547239874 0.932857538122 0.0451446175219 0.283021347055 0.173411374848 0.115153214781 0.488553696457 0.0349936560831 0.434236011592 0.902097076688 0.367805543359 0.442667724694 0.701128791713 0.935237439717 0.252599354309 
0.180074167176 0.517616249174 0.0285758595246 0.809573611632 0.410292595305 0.769388713787 0.79463303932 0.898735356746 0.0109895860227 0.679728075157 0.857276571618 0.265925163875 0.411465173312 0.0671834683067 0.0244904114614 0.952872757463 0.0246389666524 0.631802617361 0.0372154709869 0.599832505473 
0.852461560461 0.479179472398 0.724219847308 0.518518934295 0.623223665123 0.985654382784 0.697550622099 0.184613428539 0.821230403736 0.961770482465 0.778467544376 0.192223708899 0.49080679066 0.555336935159 0.406308429385 0.87754173534 0.954446507533 0.437760572692 0.606699047558 0.893372898915 
0.842247550126 0.587383478146 0.79583113877 0.944222477463 0.237931566252 0.0120194115765 0.286463073753 0.540488176732 0.767154299278 0.715285203097 0.243894972129 0.419688621929 0.78665776754 0.71739931581 0.119760855936 0.878219397708 0.703508451364 0.41504782568 0.803548950501 0.212248914285 
0.437786318166 0.675212683844 0.66293525479 0.990058674724 0.320089756911 0.602838503449 0.987853020535 0.137204863467 0.397995795126 0.192902409528 0.867792782598 0.066620819767 0.678331259994 0.0766688154789 0.366795172864 0.07601571467 0.515494773728 0.987564865318 0.853554323263 0.494132055523 
0.874911863427 0.66573374715 0.712034817624 0.467679751916 0.342143754394 0.476043974353 0.116054511653 0.248494676924 0.0888975342017 0.0963490387405 0.91016286144 0.0552814109762 0.768766821823 0.595890982265 0.770725068463 0.935529835553 0.599812314645 0.101568117569 0.169091600136 0.996629528845 
0.388538237396 0.902985349535 0.17481558167 0.911812280009 0.486283796649 0.403970428481 0.0376604662612 0.146859117741 0.556988015163 0.174197362064 0.0273223500233 0.125197242555 0.400442405294 0.272236115377 0.60872284125 0.103924416863 0.40599600181 0.507385299906 0.491472702581 0.119863871146 
0.604741240068 0.0875214207889 0.781484972719 0.105037969803 0.427877047009 0.228457328361 0.298540329535 0.401782337732 0.109205265776 0.406547331736 0.413334118462 0.501763351393 0.647334468776 0.0667392449473 0.00161804794798 0.238081944196 0.894204010364 0.778180894901 0.665851767036 0.571173279088 
