0.133044744908 0.969594840532 0.769267135335 0.809738461162 0.0887526042149 0.772536251378 0.186115235184 0.130956111984 0.284336862244 0.685084502485 0.454216287156 0.322436076349 0.296725570945 0.512658762995 0.608457754588 0.0450066955794 0.585626763001 0.667321555157 0.823230245842 0.0578108196985 
0.47322458706 0.171042547505 0.89225888069 0.704672998622 0.17580922773 0.547353083089 0.389079245142 0.0081059612531 0.966959541099 0.363115189834 0.76885154358 0.536994990105 0.321233310726 0.99303779886 0.214459755426 0.547946639023 0.669070953458 0.560182453899 0.50437497934 0.126721084275 
0.983043700876 0.655564216395 0.761596522815 0.516273358993 0.842369816871 0.658989448012 0.0932566618972 0.136115406722 0.93740402952 0.108579895272 0.78061917308 0.410199939618 0.855991696167 0.347267950568 0.573443554747 0.671272313595 0.994467196236 0.727932152692 0.901038026791 0.82875790199 
0.0621329585128 0.81236230653 0.657140583537 0.177588992031 0.726766796045 0.522140394773 0.554962022419 0.759463370883 0.685797233567 0.7966360693 0.0625502232287 0.00958732578786 0.312245830214 0.394441096069 0.0188341910015 0.219028514683 0.360118633692 0.919352243638 0.414879117421 0.291748581937 
0.702855161413 0.417296827129 0.433566850592 0.852800917766 0.773316349279 0.661571357313 0.0580536378598 0.135767274601 0.0274806719693 0.144289740566 0.701166604528 0.679693679687 0.820608467756 0.201127542474 0.355743849266 0.579898316401 0.894630721793 0.595605127179 0.0640216455584 0.818226368335 
0.49772415194 0.326994495239 0.444087487795 0.838023068131 0.746250124517 0.497418509543 0.953768414721 0.991447853152 0.544140366522 0.730691054886 0.525709906777 0.248523076764 0.114997464405 0.520279180373 0.266815699668 0.704593664689 0.278079940876 0.825338554703 0.0974963326928 0.266276247941 
0.443183269044 0.587552656083 0.918935921985 0.218989095434 0.161108316643 0.48599688424 0.498795627732 0.551705082356 0.460275639106 0.344865520952 0.793823902778 0.242200537728 0.67014285667 0.673761214314 0.264780647458 0.820256832265 0.0491999787511 0.541130087358 0.436835867186 0.349270996115 
0.981594116767 0.228080109399 0.694490294212 0.963564033063 0.987857867659 0.577652268406 0.068787331795 0.481506127874 0.138780495101 0.227094802882 0.60107274536 0.705017487439 0.144477487262 0.176492021106 0.693824661733 0.0452847358927 0.852174984855 0.41144899228 0.704589428032 0.987674294971 
0.686913664201 0.230527378325 0.110466214999 0.639554925364 0.697649177283 0.339911275838 0.850922224154 0.181367533645 0.424674811512 0.073131422071 0.484955701471 0.79889021957 0.817197099833 0.209470999307 0.91739763771 0.430838288 0.961364465064 0.865447509122 0.971154523943 0.861174894002 
0.303654698922 0.469820573922 0.532467561823 0.85041765794 0.636032097887 0.642691426916 0.519247092789 0.935693736144 0.826282399151 0.350302275692 0.991415068153 0.327615176901 0.207907918894 0.369186920573 0.546282474325 0.565834372597 0.929367903362 0.288033711973 0.472360348469 0.194190858388 
0.063402739072 0.27363329222 0.907506239105 0.602757067895 0.00979358711074 0.425783757712 0.439702810919 0.155428986721 0.128016247325 0.141258935676 0.0473659563979 0.564835125326 0.929547262795 0.669670881885 0.331086204811 0.66303569824 0.796080573207 0.933614640589 0.358500159577 0.0264187793597 
0.363822738274 0.299133862243 0.34943236164 0.0137033675615 0.849735955904 0.597521035175 0.661438709377 0.54705863629 0.33647900467 0.600692693664 0.179102864517 0.0385291265414 0.562289250377 0.108018310078 0.201717469502 0.415855417536 0.341948577286 0.477918277134 0.493899964821 0.41812795867 
0.595701188644 0.204152823114 0.18708144875 0.869964498363 0.180326632532 0.632056261758 0.390129752458 0.0206016560885 0.684698968932 0.476788619198 0.731237734257 0.00430255281775 0.447488747205 0.492386762888 0.184609555511 0.512801274176 0.0594549376304 0.228935371941 0.470705050097 0.346151796491 
0.982802662018 0.573475295097 0.830474027393 0.817841323231 0.0280358902062 0.0825265972833 0.427042910414 0.973221571532 0.308065453974 0.263563683694 0.865666463477 0.861903254491 0.707628370527 0.80540786172 0.80630715022 0.977012088049 0.742971294623 0.898087200198 0.941876764258 0.365960069933 
0.910884086294 0.736641183266 0.120990972378 0.920701533606 0.817970807553 0.513281804159 0.0758426594337 0.918727463154 0.934884853455 0.13629485503 0.042669955572 0.937253409125 0.181694227252 0.862837777439 0.881028844549 0.946515380012 0.676818020356 0.696508390917 0.747107899562 0.43464868309 
0.749741192496 0.405522748839 0.567023651352 0.21118662937 0.453209310316 0.89596861331 0.359003960821 0.401830811717 0.0488790019956 0.837872927343 0.0812476152243 0.841062920147 0.44707662858 0.69738941934 0.048449788966 0.877131139744 0.391630067409 0.0131101993563 0.583217963529 0.56145902948 
0.690938462986 0.388835206203 0.98543472326 0.578192736634 0.420125444252 0.802013567498 0.310477189231 0.0660011466801 0.579320421129 0.238406900217 0.410235582541 0.662792300764 0.835889838802 0.829976882137 0.131218636903 0.458637392951 0.924336253461 0.52288716047 0.202235258506 0.0795707903329 
0.743165596151 0.370116503131 0.649111174546 0.528850047464 0.777795162369 0.21300084266 0.557007206248 0.633455131671 0.760286427696 0.871885913476 0.360650390118 0.702117924215 0.903555580018 0.240278228916 0.860387364671 0.308125829104 0.686899233902 0.958436927607 0.602406625701 0.0511193888023 
0.717395955199 0.287988840956 0.884024793038 0.312655311885 0.0990652800761 0.97227306892 0.230456087674 0.304476217609 0.941561046111 0.128139698316 0.243363779717 0.816665230042 0.66609053146 0.410192200847 0.761043362387 0.551117621393 0.490827643637 0.670672408589 0.460834469142 0.866545191788 
0.443074391026 0.94859525955 0.109526218942 0.510282206922 0.925821778832 0.331553241021 0.75552401755 0.295890564421 0.0648718766579 0.141160433729 0.3897353619 0.989251972357 0.385287892753 0.529054497567 0.927203484239 0.550708786433 0.396223035175 0.490388041305 0.607175143535 0.843343845296 
